LUNCH BAG RED RETROSPOT,LUNCH BOX WITH CUTLERY RETROSPOT,PLASTERS IN TIN CIRCUS PARADE,PLASTERS IN TIN SPACEBOY,PLASTERS IN TIN WOODLAND ANIMALS,RABBIT NIGHT LIGHT,RED RETROSPOT MINI CASES,RED TOADSTOOL LED NIGHT LIGHT,ROUND SNACK BOXES SET OF4 WOODLAND,SET/6 RED SPOTTY PAPER CUPS
0,20,12,16,15,13,12,15,14,7
20,0,19,14,17,13,20,14,17,12
12,19,0,35,40,16,20,20,21,12
16,14,35,0,41,10,17,13,18,9
15,17,40,41,0,15,17,21,19,14
13,13,16,10,15,0,12,21,15,5
12,20,20,17,17,12,0,16,20,8
15,14,20,13,21,21,16,0,14,9
14,17,21,18,19,15,20,14,0,13
7,12,12,9,14,5,8,9,13,0
